0.pcd -1.20762e-05 -9.73707e-06 0.000444287 0.999967 0.00412851 -0.00702295 -9.93156e-06
1.pcd -0.00441639 0.0123956 -0.00813887 0.997673 0.00443225 -0.00659656 0.0677087
2.pcd -0.0116436 0.0241761 -0.00831744 0.992789 0.00562053 -0.00542545 0.119619
3.pcd -0.0266916 0.0448939 -0.00802206 0.968411 0.00704029 -0.00581267 0.249193
4.pcd -0.0331841 0.0485947 -0.0152677 0.956537 0.00747356 -0.00585776 0.291458
5.pcd -0.0383401 0.0535053 -0.010414 0.936856 0.00688297 -0.00574833 0.349599
6.pcd -0.0514583 0.0589825 -0.0125502 0.900502 0.00692697 -0.00509369 0.434767
7.pcd -0.0658959 0.0592817 -0.0121384 0.859233 0.00703039 -0.0051983 0.51151
8.pcd -0.0816871 0.0683321 -0.0175059 0.801782 0.00706699 -0.0053677 0.597551
9.pcd -0.0994741 0.0600388 -0.0165561 0.736616 0.00723152 -0.00396487 0.676261
10.pcd -0.116706 0.0539776 -0.0104055 0.669577 0.00593157 -0.00393964 0.742708
11.pcd -0.143387 0.0417523 0.0029557 0.573903 0.00605783 -0.00236494 0.818897
12.pcd -0.132144 0.0483263 -0.0273695 0.490427 0.00636186 -0.00131318 0.871458
13.pcd -0.182315 0.0739815 -0.0154466 0.397216 0.00590138 -0.00212454 0.917704
14.pcd -0.245903 0.108512 -0.00837792 0.318666 0.00552519 -0.00258871 0.947847
15.pcd -0.269255 0.096945 -0.0227714 0.173504 0.00733437 -0.00311392 0.984801
16.pcd -0.34187 0.12122 -0.0169423 0.126551 0.00696645 -0.0029369 0.991931
17.pcd -0.419541 0.128642 -0.0134433 0.0177283 0.00622268 -0.00289161 0.999819
18.pcd -0.653566 0.135969 -0.0131862 0.0445218 0.00672739 -0.00285309 0.998982
19.pcd -0.865777 0.160536 -0.0178651 0.0342305 0.00710639 -0.00412708 0.99938
20.pcd -0.974825 0.155337 -0.0171112 -0.0139731 0.00581187 -0.00355073 0.999879
21.pcd -1.17886 0.149636 -0.0193803 -0.0216829 0.00424039 -0.00464618 0.999745
22.pcd -1.40735 0.150605 -0.0224971 -0.00713877 0.00525693 -0.00625977 0.999941
23.pcd -1.61718 0.145022 -0.0214839 -0.00392161 0.00507111 -0.0048637 0.999968
24.pcd -1.85289 0.149813 -0.0239654 -0.00497333 0.00544305 -0.00420943 0.999964
25.pcd -2.08821 0.151123 -0.0198682 0.000804048 0.00379637 -0.00401129 0.999984
26.pcd -2.29083 0.166948 -0.0265099 0.0484443 0.00651813 -0.00258698 0.998801
27.pcd -2.40573 0.196784 -0.0263384 0.109204 0.00626169 -0.00348143 0.993993
28.pcd -2.52112 0.243455 -0.0238029 0.167986 0.00446227 -0.00592793 0.985761
29.pcd -2.66611 0.317986 -0.0312856 0.218311 0.00236323 -0.00565837 0.97586
30.pcd -2.8078 0.397364 -0.0327613 0.264343 0.00179678 -0.0056834 0.96441
31.pcd -2.93322 0.501839 -0.0336881 0.318244 0.000665487 -0.00570285 0.947992
32.pcd -3.04947 0.616 -0.0348993 0.372035 0.00168121 -0.00582143 0.928199
33.pcd -3.17157 0.769619 -0.039143 0.430537 0.00221242 -0.00622405 0.902549
34.pcd -3.27775 0.942056 -0.0392298 0.481239 0.00317777 -0.00567613 0.876565
35.pcd -3.36453 1.11136 -0.0373636 0.530064 0.00430928 -0.00508776 0.847931
36.pcd -3.42199 1.26837 -0.0389122 0.568452 0.00511113 -0.00479047 0.822687
37.pcd -3.4699 1.45523 -0.0391039 0.606459 0.00569598 -0.00532016 0.795077
38.pcd -3.50619 1.65286 -0.0351282 0.644194 0.00648406 -0.00706474 0.764802
39.pcd -3.52694 1.88737 -0.0330289 0.674604 0.00826007 -0.00845098 0.738086
40.pcd -3.55119 2.12404 -0.033503 0.668549 0.00782129 -0.00900726 0.743573
41.pcd -3.57783 2.36124 -0.0333322 0.660864 0.00701427 -0.00799088 0.75043
42.pcd -3.60973 2.59731 -0.031931 0.65576 0.00596703 -0.00734797 0.75491
43.pcd -3.63549 2.79631 -0.0325441 0.654734 0.00611155 -0.00677555 0.755804
44.pcd -3.65718 3.03527 -0.0332971 0.674527 0.00586596 -0.00702871 0.738194
45.pcd -3.67285 3.27223 -0.0310683 0.682647 0.00586849 -0.00705499 0.730691
46.pcd -3.69533 3.50759 -0.0310567 0.661327 0.00625137 -0.00624894 0.750046
47.pcd -3.72072 3.73482 -0.0274185 0.662477 0.00639913 -0.00554083 0.749034
48.pcd -3.74178 3.93858 -0.0306961 0.666579 0.00606351 -0.00340726 0.745402
49.pcd -3.76217 4.17311 -0.0302302 0.667837 0.00588882 -0.00370147 0.744275
50.pcd -3.78229 4.40517 -0.0282803 0.674891 0.00658137 -0.00431671 0.737876
51.pcd -3.81387 4.64068 -0.0282254 0.64459 0.00554916 -0.00443174 0.764495
52.pcd -3.84285 4.87079 -0.0293159 0.655772 0.00576695 -0.0045211 0.754924
53.pcd -3.85836 5.07105 -0.0294146 0.674332 0.00654569 -0.00503403 0.738382
54.pcd -3.88133 5.30797 -0.0269326 0.663972 0.00649752 -0.00486247 0.747714
55.pcd -3.91008 5.53649 -0.025071 0.656172 0.00649526 -0.00510864 0.754566
56.pcd -3.94152 5.76574 -0.0253963 0.654473 0.00755894 -0.00626223 0.756021
57.pcd -3.96506 5.96585 -0.0222737 0.659818 0.00857875 -0.00695365 0.751345
58.pcd -3.98845 6.2001 -0.0206199 0.662492 0.00817166 -0.0072649 0.748989
59.pcd -4.0097 6.40026 -0.0201336 0.661429 0.00690034 -0.00651769 0.749948
60.pcd -4.03379 6.62533 -0.0197857 0.659248 0.00568023 -0.00557698 0.751884
61.pcd -4.05937 6.86081 -0.0222077 0.658723 0.00574606 -0.00477782 0.752349
62.pcd -4.08664 7.09277 -0.0236808 0.668124 0.00607804 -0.0042137 0.744013
63.pcd -4.09543 7.32525 -0.0224804 0.68515 0.00758472 -0.00487947 0.728347
64.pcd -4.11193 7.5633 -0.0245375 0.685682 0.0090506 -0.00541753 0.727824
65.pcd -4.12345 7.79492 -0.0241147 0.675434 0.00937098 -0.00492409 0.737344
66.pcd -4.14246 7.99904 -0.0227361 0.667965 0.00860624 -0.0048968 0.744127
67.pcd -4.1684 8.23497 -0.0261558 0.667755 0.00782651 -0.00444326 0.744327
68.pcd -4.19253 8.46988 -0.0262226 0.66978 0.00608217 -0.00466235 0.74252
69.pcd -4.21184 8.69849 -0.0270332 0.672269 0.00593965 -0.00560612 0.740262
70.pcd -4.22906 8.9366 -0.0270586 0.678172 0.00697814 -0.0059558 0.734846
71.pcd -4.24014 9.17662 -0.028122 0.685715 0.00751675 -0.00541106 0.727812
72.pcd -4.24935 9.4064 -0.0265667 0.687102 0.00787831 -0.00465861 0.726503
73.pcd -4.26224 9.65015 -0.0269785 0.684584 0.00816735 -0.00422667 0.728876
74.pcd -4.27125 9.88263 -0.0263923 0.676283 0.00896283 -0.00419394 0.736575
75.pcd -4.30096 10.1173 -0.0255266 0.666061 0.00862754 -0.00448725 0.745834
76.pcd -4.31764 10.357 -0.031015 0.665289 0.00951142 -0.00386463 0.746515
77.pcd -4.34181 10.5902 -0.0341391 0.667016 0.00967668 -0.00283049 0.744975
78.pcd -4.36948 10.7946 -0.0340901 0.669869 0.0100587 -0.00208629 0.742408
79.pcd -4.38765 11.0123 -0.0325551 0.670829 0.00987142 -0.00185976 0.741544
80.pcd -4.40531 11.2432 -0.0334445 0.670198 0.00937697 -0.000661077 0.742123
81.pcd -4.42722 11.4768 -0.03463 0.668975 0.00764016 0.00113136 0.743245
82.pcd -4.45139 11.7179 -0.0351752 0.668555 0.00830247 0.0010761 0.743615
83.pcd -4.47362 11.9499 -0.0360061 0.668133 0.00838584 0.000917663 0.743994
84.pcd -4.49299 12.1541 -0.036217 0.668174 0.00807083 0.000511616 0.743961
85.pcd -4.51116 12.3806 -0.0390672 0.667473 0.00822912 0.000169979 0.744589
86.pcd -4.5316 12.58 -0.0409238 0.667443 0.00778244 -0.000274032 0.74462
87.pcd -4.55212 12.8108 -0.0388509 0.66952 0.00991323 -0.00162263 0.742726
88.pcd -4.55796 13.0423 -0.0380936 0.695148 0.0119372 -0.00409891 0.718756
89.pcd -4.55216 13.2436 -0.0368579 0.721845 0.010713 -0.0037406 0.691962
90.pcd -4.52822 13.4762 -0.0341382 0.732428 0.00972176 -0.00358331 0.680765
91.pcd -4.51669 13.6785 -0.0353039 0.727526 0.008323 -0.00256985 0.686025
92.pcd -4.51716 13.8383 -0.0364632 0.689287 0.00727242 -0.000442096 0.724451
93.pcd -4.51857 13.834 -0.0375392 0.656347 0.00760465 -0.000550758 0.754421
94.pcd -4.53207 13.8311 -0.0362655 0.619187 0.00767265 -0.000271123 0.785206
95.pcd -4.54199 13.8212 -0.0367509 0.56689 0.00865118 0.000268961 0.823748
96.pcd -4.5476 13.8103 -0.0335842 0.512757 0.00873723 0.000926636 0.858489
97.pcd -4.55234 13.8017 -0.0329185 0.460634 0.00865992 0.00169353 0.887546
98.pcd -4.55701 13.7943 -0.0316089 0.410374 0.00852883 0.00224259 0.911875
99.pcd -4.55885 13.7846 -0.0296282 0.359322 0.00856352 0.00250024 0.933171
100.pcd -4.56694 13.7792 -0.0295262 0.306788 0.00847488 0.00337194 0.951734
101.pcd -4.59405 13.7856 -0.028539 0.249785 0.00767769 0.00414439 0.968262
102.pcd -4.63448 13.7959 -0.0290838 0.187016 0.00720101 0.00464822 0.982319
103.pcd -4.66763 13.7984 -0.0313219 0.130068 0.00745399 0.0051074 0.991464
104.pcd -4.67783 13.796 -0.0301178 0.0851623 0.00731154 0.0051655 0.996327
105.pcd -4.67866 13.7894 -0.0312472 0.0395389 0.00761059 0.00555225 0.999174
106.pcd -4.67387 13.7835 -0.0313228 -0.0196368 0.00758258 0.00584048 0.999761
107.pcd -4.67341 13.7709 -0.033378 -0.0823653 0.00812964 0.00628101 0.996549
108.pcd -4.69643 13.7546 -0.0314423 -0.148256 0.00782494 0.00614785 0.988899
109.pcd -4.7361 13.7268 -0.034194 -0.214024 0.00772436 0.00661127 0.976775
110.pcd -4.76809 13.7 -0.0339675 -0.271023 0.00732232 0.00670841 0.962522
111.pcd -4.77905 13.6854 -0.0332062 -0.314999 0.00690135 0.0067383 0.949043
112.pcd -4.77306 13.6806 -0.0351029 -0.357121 0.00776228 0.00706194 0.933999
113.pcd -4.76519 13.675 -0.0313239 -0.406321 0.00721202 0.00749692 0.913671
114.pcd -4.76621 13.6608 -0.0364235 -0.460282 0.00868688 0.00736848 0.8877
115.pcd -4.77306 13.6352 -0.034728 0.513703 -0.0077085 -0.00764379 -0.8579
116.pcd -4.77565 13.613 -0.0388468 0.563298 -0.00830275 -0.00773782 -0.826176
117.pcd -4.77677 13.5813 -0.0385548 0.606693 -0.00818912 -0.00756084 -0.794858
118.pcd -4.77705 13.5279 -0.0379552 0.645381 -0.00735141 -0.0073887 -0.76379
119.pcd -4.77822 13.4474 -0.0398843 0.688963 -0.00707894 -0.00691018 -0.724729
120.pcd -4.76987 13.3589 -0.0382777 0.728929 -0.00610167 -0.00684176 -0.684528
121.pcd -4.75326 13.2747 -0.0400418 0.764858 -0.00586613 -0.00663827 -0.644138
122.pcd -4.71067 13.0739 -0.0423849 0.776494 -0.00262699 -0.00496157 -0.6301
123.pcd -4.68583 12.8703 -0.0432201 0.750979 -0.0024112 -0.00220776 -0.660318
124.pcd -4.66577 12.6713 -0.0482823 0.752292 -0.00237483 -0.00151948 -0.658823
125.pcd -4.63174 12.442 -0.0467305 0.76206 -0.00102139 -0.00303678 -0.647498
126.pcd -4.59347 12.2271 -0.0471523 0.777607 -0.00411387 -0.00321912 -0.628728
127.pcd -4.53862 12.0268 -0.0480924 0.797784 -0.00645889 -0.00440603 -0.602893
128.pcd -4.46625 11.8243 -0.0490392 0.825831 -0.00645181 -0.00473924 -0.563861
129.pcd -4.42321 11.7455 -0.0442538 0.849885 -0.00536278 -0.00472374 -0.52692
130.pcd -4.40728 11.7295 -0.0474875 0.872168 -0.00510611 -0.00472531 -0.489156
131.pcd -4.40323 11.7363 -0.0455766 0.893598 -0.00428948 -0.00520686 -0.448818
132.pcd -4.39886 11.743 -0.0443625 0.915916 -0.00415514 -0.00498965 -0.401318
133.pcd -4.39324 11.7541 -0.0414435 0.935184 -0.00339756 -0.00502987 -0.354111
134.pcd -4.39226 11.7688 -0.0406813 0.951844 -0.00294942 -0.00450369 -0.306536
135.pcd -4.39319 11.7774 -0.0393704 0.96585 -0.00217419 -0.00412125 -0.259059
136.pcd -4.40471 11.7878 -0.038916 0.977729 -0.00177847 -0.00470103 -0.209813
137.pcd -4.42508 11.805 -0.0380897 0.986768 -0.00131899 -0.00466603 -0.162067
138.pcd -4.44866 11.8244 -0.0373712 0.993097 -0.00097094 -0.00440377 -0.117205
139.pcd -4.55405 11.8534 -0.0384215 0.998195 -0.000392404 -0.00389343 -0.0599345
140.pcd -4.59029 11.8688 -0.0385873 0.99999 0.000229888 -0.00333357 0.00296392
141.pcd -4.62637 11.8769 -0.0395822 0.998175 0.000885041 -0.00324998 0.0602856
142.pcd -4.77693 11.8598 -0.038954 0.993577 0.00159253 -0.00368129 0.113091
143.pcd -4.83876 11.8524 -0.0396355 0.986562 0.00183854 -0.00405509 0.163328
144.pcd -5.02042 11.7878 -0.0397934 0.977932 0.00270379 -0.00336381 0.20888
145.pcd -5.04793 11.7811 -0.0388661 0.967896 0.00312253 -0.0030288 0.251315
146.pcd -5.07816 11.7769 -0.03924 0.955288 0.00357499 -0.00295144 0.29564
147.pcd -5.24747 11.6531 -0.0392159 0.962872 0.00339083 -0.00454313 0.2699
148.pcd -5.27839 11.6248 -0.0385509 0.974308 0.00308585 -0.00479754 0.225146
149.pcd -5.30718 11.6054 -0.0403414 0.98363 0.00283747 -0.00507897 0.180104
150.pcd -5.32696 11.5919 -0.0387056 0.990957 0.00231578 -0.00553126 0.134047
151.pcd -5.31855 11.5833 -0.040832 0.996359 0.0020085 -0.00499249 0.0850903
152.pcd -5.31463 11.5726 -0.0418969 0.999414 0.00140083 -0.00506976 0.0338187
